D10 <tuw> [Pa] D10 z/h D20 <tuw> [Pa] D20 z/h D30 <tuw> [Pa] D30 z/h
NaN 0.0013 NaN 0.0300 NaN 0.0250
0.4184 0.0163 1.1697 0.0450 1.7618 0.0400
0.6485 0.0313 1.3529 0.0600 1.6025 0.0550
0.7393 0.0463 1.3487 0.0750 1.5243 0.0700
0.7717 0.0612 1.2470 0.0900 1.5775 0.0850
0.7719 0.0762 1.1879 0.1050 1.5304 0.1000
0.7651 0.0913 1.0698 0.1200 1.4371 0.1150
0.7453 0.1063 0.9755 0.1350 1.2936 0.1300
0.7270 0.1213 0.8552 0.1500 1.1587 0.1450
0.6637 0.1362 0.8027 0.1635 1.1148 0.1600
0.6501 0.1513 0.7814 0.1770 1.1089 0.1784
0.6708 0.1657 0.7732 0.1905 1.1083 0.1968
0.6847 0.1802 0.7726 0.2040 1.1083 0.2153
0.6949 0.1947 0.7839 0.2175 1.1012 0.2337
0.7003 0.2091 0.7966 0.2309 1.0877 0.2521
0.7050 0.2236 0.8076 0.2444 1.0741 0.2705
0.7047 0.2381 0.8144 0.2579 1.0572 0.2889
0.6981 0.2525 0.8142 0.2714 1.0351 0.3074
0.6900 0.2670 0.8092 0.2849 1.0105 0.3258
0.6799 0.2815 0.8003 0.2984 0.9821 0.3442
0.6670 0.2959 0.7889 0.3119 0.9507 0.3626
0.6525 0.3104 0.7762 0.3254 0.9202 0.3810
0.6361 0.3249 0.7653 0.3389 0.8907 0.3994
0.6192 0.3394 0.7546 0.3524 0.8649 0.4179
0.6019 0.3538 0.7418 0.3658 0.8420 0.4363
0.5850 0.3683 0.7255 0.3793 0.8190 0.4547
0.5686 0.3828 0.7046 0.3928 0.7942 0.4731
0.5523 0.3972 0.6839 0.4063 0.7691 0.4915
0.5346 0.4117 0.6627 0.4198 0.7417 0.5100
0.5152 0.4262 0.6425 0.4333 0.7125 0.5284
0.4957 0.4406 0.6236 0.4468 0.6847 0.5468
0.4764 0.4551 0.6056 0.4603 0.6572 0.5652
0.4577 0.4696 0.5853 0.4738 0.6276 0.5836
0.4404 0.4840 0.5632 0.4873 0.5982 0.6021
0.4254 0.4985 0.5407 0.5007 0.5696 0.6205
0.4123 0.5130 0.5190 0.5142 0.5402 0.6389
0.4002 0.5275 0.4989 0.5277 0.5110 0.6573
0.3890 0.5419 0.4820 0.5412 0.4824 0.6757
0.3785 0.5564 0.4672 0.5547 0.4544 0.6941
0.3676 0.5709 0.4529 0.5682 0.4279 0.7126
0.3553 0.5853 0.4389 0.5817 0.4039 0.7310
0.3422 0.5998 0.4247 0.5952 0.3779 0.7494
0.3282 0.6143 0.4088 0.6087 0.3467 0.7678
0.3140 0.6287 0.3924 0.6222 0.3076 0.7862
0.3002 0.6432 0.3770 0.6357 0.2767 0.8047
0.2871 0.6577 0.3624 0.6491 NaN 0.8231
0.2746 0.6721 0.3488 0.6626 NaN 0.8415
0.2632 0.6866 0.3363 0.6761 NaN 0.8599
0.2522 0.7011 0.3240 0.6896 NaN 0.8783
0.2409 0.7156 0.3102 0.7031 NaN 0.8968
0.2298 0.7300 0.2954 0.7166 NaN NaN
0.2192 0.7445 0.2794 0.7301 NaN NaN
0.2088 0.7590 0.2663 0.7436 NaN NaN
NaN 0.7734 0.2572 0.7571 NaN NaN
NaN 0.7879 0.2475 0.7706 NaN NaN
NaN 0.8024 0.2270 0.7840 NaN NaN
NaN 0.8168 0.2003 0.7975 NaN NaN
NaN 0.8313 NaN 0.8110 NaN NaN
NaN NaN NaN 0.8245 NaN NaN
NaN NaN NaN 0.8380 NaN NaN
NaN NaN NaN 0.8515 NaN NaN
NaN NaN NaN 0.8650 NaN NaN