tau_t_[Pa] y_[m]
0.614664306836655 -1.83731317520142E-09
0.630468497534386 0.00293571257963777
0.794958661483002 0.00587142699658871
0.706132487264529 0.00880714141353965
0.605030335391571 0.0117428558304906
0.539272132037687 0.0146785702474415
0.476639197128622 0.0176142846643925
0.414387861197276 0.0205499990813434
0.352031183611315 0.0234857134982944
0.289274461880226 0.0264214279152453
0.225915466282662 0.0293571423321962
0.161873519660242 0.0322928567491472
0.0972791527587206 0.0352285711660981
0.0324379297582149 0.0381642855830491
0.0324379297582149 0.0411
cp = 0;
cs(cf) = 0.00159902258612734;
ct = 0.00159902258612734;
cD = 0.0959413551676407;
